function[fNodes] = forceNodes()

fNodes = [203
         143
         256
         254
         302
         302
         303
         304
         217
         238
         217
         197
         305
         305
         274
         306
         307
         308
         309
         152
         310
         311
         312
         312
       10018
       10018
       10018
         313
         314
         315
       10019
         316
       10019
       30001
         937
         317
         318
         319
         319
        9102
         224
         125
         125
         224
         929
         127
         126
         242
         143
         224
         270
         266
         266
         266
         127
         127
         224
         924
       10015
         150
         190
         198
         198
         217
         217
         279
         270
         322
         320
         313
         161
         159
         506
         322
         323
         324
         325
         326
         327
         328
         131
         329
         332
         330
         331
         333
         334
         335
         336
         337
         338
         338
         339
         340
         527
         341
         342
         343
         344
         345
         346
         347
         348
         349
         906
         350
         327
         351
         527
         352
         353
         354
         355
         326
         328
         356
         357
         351
         323
         172
         197
         358
         316
         359
         274
         906
         360
         361
         322
         362
         125
         363
         127
         323
         364
         328
         365
         366
         367
         323
         368
         369
         370
         371
         937
         190
         198];
         