function[ERs] = GetSomas();

ERs=[3.953000668
3.391276899
3.582039622
3.577335694
3.747450673
3.574981409
4.001687384
3.91447565
4.003790768
3.287913729
4.582327514
3.803202778
3.567909233
3.756426615
3.663380762
3.607801598
3.649565323
4.18676191
3.591428994
4.190781846
3.298140547
3.807627681
3.803202778
3.731690822
4.068456329
3.667974344
3.715864131
4.012193277
4.254584287
3.665678272
3.729433979
4.365923413
3.82307451
3.980592417
3.661081809
2.993013776
3.326102161
3.346291131
3.44546195
3.631062971
3.731690822
3.361353282
3.697693538
3.787674909
3.727175768
3.159950259
4.033122961
3.882079432
3.931644485
3.607801598
3.681720705
3.546608092
4.146348204
4.152435335
3.617124099
3.720392913
4.232760675
3.584389271
4.367851399
3.94447207
3.546608092]

