function[cellID cellProp] = getList_cellPositions

cellID = [
      0
           2
           5
           9
          10
          19
          24
          26
          27
          28
          36
          42
          47
          67
         101
         102
         103
         104
         106
         107
         108
         109
         110
         111
         112
         113
         114
         115
         116
         117
         118
         119
         120
         122
         123
         124
         125
         126
         127
         128
         129
         130
         131
         132
         133
         134
         135
         137
         138
         139
         140
         141
         142
         143
         144
         145
         146
         148
         150
         151
         152
         153
         154
         156
         157
         158
         159
         160
         161
         162
         163
         165
         166
         167
         168
         169
         170
         171
         172
         173
         174
         175
         176
         177
         178
         179
         181
         182
         183
         184
         185
         186
         187
         188
         189
         190
         191
         192
         193
         194
         195
         196
         197
         201
         203
         204
         205
         206
         207
         208
         209
         210
         212
         213
         214
         215
         216
         217
         218
         219
         221
         222
         223
         224
         225
         226
         227
         228
         229
         230
         231
         232
         233
         234
         235
         236
         237
         238
         239
         241
         242
         243
         244
         245
         246
         247
         248
         249
         250
         251
         252
         253
         254
         255
         256
         257
         258
         259
         260
         261
         263
         265
         266
         267
         268
         269
         270
         271
         272
         273
         274
         275
         276
         277
         278
         279
         280
         281
         282
         283
         284
         285
         286
         287
         288
         289
         290
         291
         292
         293
         294
         295
         296
         297
         298
         299
         301
         310
         311
         312
         313
         400
         401
         501
         502
         503
         504
         505
         506
         507
         508
         509
         510
         511
         512
         513
         514
         515
         516
         517
         518
         519
         520
         521
         522
         523
         524
         526
         527
         528
         529
         601
         602
         603
         604
         605
         606
         607
         608
         609
         610
         611
         612
         613
         614
         615
         616
         617
         618
         619
         620
         621
         622
         623
         624
         625
         626
         627
         628
         629
         630
         701
         702
         703
         901
         902
         903
         904
         905
         906
         907
         908
         909
         910
         911
         912
         913
         914
         915
         916
         917
         918
         919
         920
         921
         922
         923
         924
         925
         926
         927
         928
         929
         930
         931
         932
         933
         934
         935
         936
         937
         938
         939
         940
         941
         942
         943
         944
         945
         946
         947
         948
        1001
        1002
        1003
        1004
        1005
        1006
        1009
        1010
        1012
        1013
        1014
        1015
        1018
        1019
        1020
        1021
        1022
        1023
        1025
        1026
        1027
        1028
        1029
        1030
        1031
        1032
        1033
        1034
        1036
        1037
        1038
        1040
        1041
        1043
        1044
        1047
        1048
        1049
        1050
        1051
        1052
        1053
        1054
        1055
        1056
        1057
        1058
        1059
        1060
        1061
        1062
        1063
        1064
        1065
        1066
        1067
        1104
        1105
        1110
        1111
        1112
        1113
        1121
        1122
        1123
        2001
        2002
        2003
        2004
        2005
        2006
        2007
        2008
        2009
        2010
        2011
        2012
        2013
        2014
        2015
        2016
        2017
        2018
        2019
        2020
        2021
        2022
        2023
        2024
        2025
        2026
        2027
        2028
        2029
        2030
        2031
        2032
        2033
        2034
        2035
        2038
        2039
        2040
        2041
        2042
        2043
        2044
        2045
        2046
        3001
        3002
        3003
        4001
        4002
        5001
        5002
        5003
        5004
        5005
        5006
        5007
        5008
        5009
        5010
        5101
        5102
        5103
        5104
        5105
        5106
        5107
        5108
        5109
        5110
        5111
        5112
        5113
        5114
        5115
        5116
        5117
        5118
        5119
        5120
        5121
        6000
        6001
        6002
        6101
        7001
        7002
        7003
        7004
        7005
        7006
        7007
        7008
        7009
        7010
        7011
        7012
        7013
        7014
        7015
        7016
        7017
        7018
        7019
        7020
        7021
        7022
        7023
        9101
        9102
        9103
        9104
        9105
        9106
        9107
        9108
        9109
        9110
        9111
        9201
        9202
        9203
        9204
        9205
        9206
        9207
        9208
        9209
        9210
        9211
        9212
       10002
       10003
       10004
       10006
       10007
       10008
       10009
       10010
       10011
       10013
       10014
       10015
       10016
       10017
       20001
       20002
       20003
       20004
       20005
       20006
       20007
       20008
       20009
       20010
       20011
       20012
       20013
       20014
       20015
       20016
       20017
       20018
       20019
       20020
       20021
       20022
       20023
       20024
       20034
       90001
       90002
       90003
       90004
      140620
      200011
      ];

