function[cellList cellProp] = getList_primaries();


cellList = [ 
    1009    
    1059 
    2007 
    2022 
    2029 
    2038 
    5003 
    5102
    7015
    7018
    9202
    9203
    9204
    9205
    9206
    9207
    9208
    9210
    ];

cellProp = [
     2007 
    2022 
    2029 
    2038 
    5102
    ];

end