function[cellIDs cellProps] = getList_sholl



cellProps = [
     0.9610    0.5341
    0.7086    0.9036
    0.3990    0.4325
    0.1461    0.2447
    0.5021    0.3922
    0.2406    0.4813
    0.4332    0.3239
    0.2530    0.3298
    0.1492    0.2194
    0.6693    0.6160
    0.5418    0.6316
    0.2335    0.1670
    0.2163    0.1333
    0.5473    0.4540
    0.1635    0.5957
    0.5166    0.4026
    0.2418    0.1976
    0.3059    0.5322
    0.5924    0.5362
    0.2138    0.2537
    0.2225    0.4744
    0.8752    0.5886
    0.1313    0.4197
    0.5528    0.3664
    0.2203    0.6045
    0.5035    0.7616
    0.2758    0.6228
    0.8975    0.6418
    0.7223    0.5749
    0.3081    0.5000
    0.2288    0.7614
    0.2729    0.4007
    0.5612    0.3784
    0.5231    0.5000
    0.7911    0.5407
    0.2005    0.3669
    0.4227    0.8994
    0.4053    0.2832
    0.5743    0.2844
    0.3154    0.4992
    0.7792    0.6441
    0.2889    0.1611
    0.5954    0.3433
    0.4172    0.8665
    0.1627    0.1657
    ];

cellIDs = [
     67
   108
   109
   110
   116
   117
   120
   123
   129
   130
   131
   133
   134
   135
   148
   156
   159
   162
   163
   169
   170
   201
   203
   205
   206
   207
   210
   212
   213
   215
   216
   217
   218
   224
   232
   237
   259
   267
   268
   273
   601
   903
   907
   909
   919
   ];
