function[cellIDs] = getList_mixedClade();



cellIDs = [ 
    1006
         109
        1012
        1056
         106
        1105
         118
        1047
        1009
        1113
         107
        1121
         126
         112
         150
        1021
        1112
         111
         186
         113
        1040
         123
        1055
        1025
        2035
         127
         268
         266
         267
        2032
         110
        2033
         119
         265
         269
         263
         219
         272
         192
         183
         191
         187
         188
         193
        1014
        1054
         162
        1053
        1122
         194
        9108
         165
        9101
         169
        9109
        9110
         919
         934
         936
         937
         195
         940
         939
         933
         935
        1027
         128
        1041
        ];
    