function[nodeIDs nodeCol] = getList_nodeXYcol;

nodeIDs = [
     1006
        1009
        1012
        1014
        1021
        1023
        1025
        1027
        1028
        1029
        1030
        1031
        1032
        1033
        1034
        1036
        1037
        1038
        1040
        1041
        1043
        1044
        1047
        1050
        1051
        1053
        1054
        1055
        1056
        1064
        1104
        1105
        1110
        1111
        1112
        1113
        1121
        1122
        1123
        2001
        2003
        2004
        2005
        2006
        2007
        2009
        2010
        2011
        2012
        2013
        2014
        2015
        2016
        2017
        2018
        2019
        2020
        2021
        2022
        2023
        2024
        2025
        2026
        2027
        2028
        2029
        2030
        2031
        2032
        2033
        2034
        2035
        2038
        2039
        2040
        2041
        2044
        5102
        9101
        9102
        9103
        9104
        9105
        9106
        9107
        9108
        9109
        9110
        9111
         108
         201
         907
         903
         106
         107
         109
         110
         111
         112
         113
         114
         115
         116
         117
         118
         119
         120
         123
         126
         127
         128
         129
         130
         131
         132
         133
         134
         135
         137
         140
         143
         144
         145
         148
         150
         152
         153
         154
         156
         157
         158
         159
         160
         161
         162
         163
         165
         169
         170
         182
         183
         184
         185
         186
         187
         188
         189
         191
         192
         193
         194
         195
         196
         197
         203
         205
         206
         207
         210
         212
         213
         215
         216
         217
         218
         219
         221
         222
         223
         224
         225
         227
         228
         230
         231
         232
         233
         237
         241
         242
         244
         245
         246
         247
         248
         250
         254
         255
         259
         263
         265
         266
         267
         268
         269
         271
         272
         273
         274
         276
         277
         278
         279
         280
         281
         282
         283
         284
         310
         311
         312
         313
         504
         505
         506
         507
         508
         509
         510
         511
         909
         912
         919
         921
         922
         923
         924
         925
         927
         930
         931
         932
         933
         934
         935
         936
         937
         939
         940
         941
         942
         943
         944
    ];
nodeCol = [
      0.5762    0.4092    0.5908
    0.5693    0.2114    0.7886
    0.4811    0.5314    0.4686
    0.6268    0.5558    0.3732
    0.6268    0.3679    0.6321
    0.3949    0.6051    0.5673
    0.7359    0.2641    0.5472
    0.5756    0.5242    0.4244
    0.6927    0.7007    0.2993
    0.6428    0.7975    0.2025
    0.9597    0.7574    0.0403
    0.3477    0.6341    0.6523
    0.4811    0.5314    0.4686
    0.3502    0.6498    0.4161
    0.5527    0.9389    0.0611
    0.5000    0.7622    0.2378
    0.2600    1.0000         0
    0.9214    0.9389    0.0611
    0.8691    0.1309    0.1309
    0.7041    0.2959    0.3204
    0.6227    0.3539    0.6461
    0.4412    0.5980    0.4020
    0.4893    0.5893    0.4107
    0.6694    0.6558    0.3306
    0.4609    0.8258    0.1742
    0.4965    0.5293    0.4707
    0.6788    0.5143    0.3212
    0.8345    0.1655    0.3261
    0.4620    0.4548    0.5452
    0.7092    0.7906    0.2094
    0.8518    0.9188    0.0812
    0.7836    0.5907    0.2164
    0.3200    1.0000         0
    0.3885    0.6858    0.3142
    0.9476    0.0524    0.2135
    0.7213    0.1926    0.8074
    0.6687    0.1485    0.8515
    0.9389    0.0611    0.4824
    0.8515    0.3594    0.1485
         0    0.4000    1.0000
    0.3073    0.6927    0.5308
    0.2826    0.5348    0.7174
    0.1439    0.5570    0.8561
    0.2903    0.5587    0.7097
    0.2599    0.3655    0.7401
    0.3527    0.5589    0.6473
    0.3679    0.6321    0.5370
    0.2472    0.5708    0.7528
    0.2728    0.7272    0.5636
    0.2993    0.7007    0.4117
    0.3212    0.6788    0.4642
    0.3004    0.6996    0.3882
    0.3107    0.6893    0.4394
    0.3130    0.6870    0.4177
    0.3107    0.6893    0.4394
    0.3107    0.6893    0.4394
    0.3212    0.6788    0.4642
    0.5571    0.3415    0.6585
    0.5498    0.2926    0.7074
    0.6106    0.3464    0.6536
    0.5571    0.3415    0.6585
    0.5454    0.3107    0.6893
    0.5498    0.2926    0.7074
    0.3816    0.3027    0.6973
    0.5292    0.2567    0.7433
    0.5203    0.3306    0.6694
    0.3247    0.6122    0.6753
    0.2826    0.5348    0.7174
    0.7486    0.3409    0.2514
    0.6486    0.3452    0.6548
    0.5839    0.8496    0.1504
    0.6107    0.3893    0.5089
    0.7272    0.5727    0.2728
    0.2877    0.2472    0.7528
    0.3590    0.4887    0.6410
    0.5846    0.3825    0.6175
         0    0.3400    1.0000
    0.7642    0.3943    0.2358
    1.0000    0.2400         0
         0    0.8800    1.0000
    0.3283    0.6717    0.6099
    0.0559    0.8375    0.9441
         0    0.4000    1.0000
    0.0533    0.7323    0.9467
    0.1532    0.8468    0.8052
    0.9319    0.3272    0.0681
    1.0000    0.2400         0
    1.0000    0.3600         0
         0    0.8200    1.0000
    0.5314    0.4686    0.4912
    0.4049    0.3415    0.6585
    0.0301    0.9699    0.6880
    1.0000    0.0600         0
    0.2328    0.1819    0.8181
    0.5600         0    1.0000
    0.5035    0.4707    0.5293
    0.5226    0.4937    0.4774
    0.9200         0    1.0000
    0.0284    0.5755    0.9716
    0.1482    0.0812    0.9188
    0.3415    0.6585    0.5634
    0.3615    0.5222    0.6385
    0.6012    0.7108    0.2892
    0.8000    1.0000         0
    0.3527    0.5589    0.6473
    0.5627    0.4373    0.4523
    0.3825    0.5329    0.6175
    1.0000         0    0.1800
    0.6190    0.0040    0.9960
    0.8928    0.1072    0.6729
    0.5524    0.4664    0.4476
    0.8162    0.7150    0.1838
    0.5364    0.8035    0.1965
    0.1300    0.8700    0.1596
    0.2000    1.0000         0
    0.7234    0.8103    0.1897
    0.6060    0.9415    0.0585
    0.8518    0.9188    0.0812
    0.6773    0.6847    0.3153
         0    0.4600    1.0000
    0.1035    0.8965    0.1828
    0.2993    0.4358    0.7007
         0    0.5200    1.0000
    0.6443    0.9009    0.0991
    1.0000         0    0.6000
    0.4400    1.0000         0
    0.0654    0.9346    0.1002
    0.2600    1.0000         0
    1.0000         0    0.3600
    0.0800    1.0000         0
    0.3200    1.0000         0
    0.0800    1.0000         0
         0    1.0000    0.4000
    0.2000    1.0000         0
    0.5951    0.4049    0.5419
    1.0000    0.7800         0
    0.9656    0.0344    0.1461
    1.0000    0.4800         0
    0.4939    0.5507    0.4493
    0.3142    0.6858    0.5520
    1.0000         0    0.8400
    0.8969    0.9725    0.0275
    0.7400    1.0000         0
    0.9415    0.0585    0.8002
    0.7400    1.0000         0
    1.0000         0    0.6000
    1.0000    0.9600         0
    0.7400         0    1.0000
    0.8000         0    1.0000
    0.8600         0    1.0000
    1.0000         0    0.7800
    0.4400         0    1.0000
    0.8035    0.1965    0.1965
